0.000999001  0.0179663  0.00894132
0.001998  0.0268007  0.0177838
0.002997  0.0355373  0.0265285
0.003996  0.044177  0.0351763
0.004995  0.0527209  0.0437283
0.00599401  0.0611698  0.0521853
0.00699301  0.0695247  0.0605483
0.00799201  0.0777865  0.0688182
0.00899101  0.0859563  0.076996
0.00999001  0.0940348  0.0850826
0.010989  0.102023  0.0930789
0.011988  0.109922  0.100986
0.012987  0.117732  0.108804
0.013986  0.125455  0.116535
0.014985  0.13309  0.124179
0.015984  0.14064  0.131737
0.016983  0.148105  0.13921
0.017982  0.155486  0.146598
0.018981  0.162783  0.153904
0.01998  0.169998  0.161127
0.020979  0.177131  0.168268
0.021978  0.184183  0.175328
0.022977  0.191155  0.182308
0.023976  0.198048  0.189209
0.024975  0.204862  0.196031
0.025974  0.211598  0.202775
0.026973  0.218258  0.209443
0.027972  0.224841  0.216034
0.028971  0.231349  0.22255
0.02997  0.237782  0.228991
0.030969  0.244141  0.235358
0.031968  0.250427  0.241652
0.032967  0.25664  0.247874
0.033966  0.262782  0.254023
0.034965  0.268852  0.260102
0.035964  0.274852  0.26611
0.036963  0.280783  0.272049
0.037962  0.286645  0.277919
0.038961  0.292438  0.28372
0.03996  0.298164  0.289454
0.040959  0.303823  0.295121
0.041958  0.309415  0.300721
0.042957  0.314942  0.306256
0.043956  0.320404  0.311726
0.044955  0.325802  0.317132
0.045954  0.331136  0.322474
0.046953  0.336407  0.327753
0.047952  0.341615  0.33297
0.048951  0.346762  0.338125
0.04995  0.351848  0.343219
0.0509491  0.356873  0.348252
0.0519481  0.361838  0.353225
0.0529471  0.366744  0.358139
0.0539461  0.371591  0.362994
0.0549451  0.376379  0.367791
0.0559441  0.381111  0.37253
0.0569431  0.385785  0.377212
0.0579421  0.390402  0.381838
0.0589411  0.394964  0.386408
0.0599401  0.399471  0.390922
0.0609391  0.403922  0.395382
0.0619381  0.40832  0.399787
0.0629371  0.412663  0.404139
0.0639361  0.416954  0.408437
0.0649351  0.421191  0.412683
0.0659341  0.425377  0.416877
0.0669331  0.429511  0.421019
0.0679321  0.433594  0.42511
0.0689311  0.437626  0.42915
0.0699301  0.441609  0.43314
0.0709291  0.445541  0.437081
0.0719281  0.449425  0.440973
0.0729271  0.45326  0.444816
0.0739261  0.457046  0.448611
0.0749251  0.460786  0.452358
0.0759241  0.464478  0.456058
0.0769231  0.468123  0.459711
0.0779221  0.471722  0.463318
0.0789211  0.475275  0.466879
0.0799201  0.478783  0.470395
0.0809191  0.482246  0.473866
0.0819181  0.485665  0.477293
0.0829171  0.489039  0.480676
0.0839161  0.49237  0.484015
0.0849151  0.495658  0.487311
0.0859141  0.498903  0.490564
0.0869131  0.502106  0.493775
0.0879121  0.505267  0.496944
0.0889111  0.508387  0.500072
0.0899101  0.511466  0.503159
0.0909091  0.514504  0.506205
0.0919081  0.517502  0.509211
0.0929071  0.52046  0.512177
0.0939061  0.523378  0.515103
0.0949051  0.526258  0.517991
0.0959041  0.529099  0.52084
0.0969031  0.531902  0.523651
0.0979021  0.534666  0.526424
0.0989011  0.537394  0.529159
0.0999001  0.540084  0.531857
0.100899  0.542738  0.534519
0.101898  0.545355  0.537144
0.102897  0.547936  0.539733
0.103896  0.550481  0.542287
0.104895  0.552991  0.544805
0.105894  0.555466  0.547288
0.106893  0.557907  0.549736
0.107892  0.560313  0.552151
0.108891  0.562685  0.554531
0.10989  0.565024  0.556878
0.110889  0.56733  0.559191
0.111888  0.569602  0.561472
0.112887  0.571842  0.56372
0.113886  0.57405  0.565936
0.114885  0.576226  0.568119
0.115884  0.57837  0.570271
0.116883  0.580482  0.572392
0.117882  0.582564  0.574482
0.118881  0.584615  0.576541
0.11988  0.586636  0.57857
0.120879  0.588626  0.580568
0.121878  0.590587  0.582537
0.122877  0.592518  0.584476
0.123876  0.59442  0.586387
0.124875  0.596294  0.588268
0.125874  0.598138  0.59012
0.126873  0.599954  0.591944
0.127872  0.601742  0.593741
0.128871  0.603503  0.595509
0.12987  0.605235  0.59725
0.130869  0.606941  0.598963
0.131868  0.60862  0.60065
0.132867  0.610272  0.60231
0.133866  0.611897  0.603944
0.134865  0.613496  0.605551
0.135864  0.61507  0.607132
0.136863  0.616618  0.608688
0.137862  0.61814  0.610218
0.138861  0.619637  0.611724
0.13986  0.621109  0.613204
0.140859  0.622557  0.61466
0.141858  0.62398  0.616091
0.142857  0.62538  0.617498
0.143856  0.626755  0.618882
0.144855  0.628106  0.620241
0.145854  0.629434  0.621577
0.146853  0.630739  0.62289
0.147852  0.632021  0.62418
0.148851  0.63328  0.625447
0.14985  0.634517  0.626692
0.150849  0.635731  0.627914
0.151848  0.636923  0.629114
0.152847  0.638094  0.630293
0.153846  0.639243  0.63145
0.154845  0.64037  0.632585
0.155844  0.641476  0.633699
0.156843  0.642561  0.634792
0.157842  0.643625  0.635865
0.158841  0.644669  0.636916
0.15984  0.645692  0.637948
0.160839  0.646696  0.638959
0.161838  0.647679  0.63995
0.162837  0.648642  0.640921
0.163836  0.649586  0.641873
0.164835  0.65051  0.642806
0.165834  0.651415  0.643719
0.166833  0.652302  0.644613
0.167832  0.653169  0.645488
0.168831  0.654018  0.646345
0.16983  0.654848  0.647184
0.170829  0.65566  0.648004
0.171828  0.656454  0.648806
0.172827  0.65723  0.64959
0.173826  0.657988  0.650356
0.174825  0.658729  0.651105
0.175824  0.659453  0.651836
0.176823  0.660159  0.65255
0.177822  0.660848  0.653248
0.178821  0.66152  0.653928
0.17982  0.662176  0.654592
0.180819  0.662815  0.655239
0.181818  0.663438  0.655869
0.182817  0.664044  0.656484
0.183816  0.664635  0.657083
0.184815  0.665209  0.657665
0.185814  0.665768  0.658232
0.186813  0.666312  0.658783
0.187812  0.666839  0.659319
0.188811  0.667352  0.65984
0.18981  0.66785  0.660346
0.190809  0.668332  0.660836
0.191808  0.6688  0.661312
0.192807  0.669253  0.661773
0.193806  0.669692  0.66222
0.194805  0.670116  0.662652
0.195804  0.670526  0.66307
0.196803  0.670922  0.663474
0.197802  0.671304  0.663864
0.198801  0.671672  0.66424
0.1998  0.672027  0.664603
0.200799  0.672368  0.664952
0.201798  0.672695  0.665288
0.202797  0.67301  0.66561
0.203796  0.673311  0.665919
0.204795  0.673599  0.666215
0.205794  0.673874  0.666499
0.206793  0.674137  0.666769
0.207792  0.674387  0.667027
0.208791  0.674624  0.667273
0.20979  0.674849  0.667506
0.210789  0.675062  0.667727
0.211788  0.675263  0.667935
0.212787  0.675452  0.668132
0.213786  0.675628  0.668317
0.214785  0.675793  0.66849
0.215784  0.675947  0.668651
0.216783  0.676089  0.668801
0.217782  0.676219  0.66894
0.218781  0.676338  0.669067
0.21978  0.676446  0.669183
0.220779  0.676543  0.669288
0.221778  0.676629  0.669382
0.222777  0.676704  0.669465
0.223776  0.676768  0.669537
0.224775  0.676822  0.669599
0.225774  0.676865  0.66965
0.226773  0.676898  0.66969
0.227772  0.67692  0.669721
0.228771  0.676932  0.669741
0.22977  0.676934  0.669751
0.230769  0.676926  0.669751
0.231768  0.676908  0.669741
0.232767  0.67688  0.669721
0.233766  0.676842  0.669691
0.234765  0.676795  0.669652
0.235764  0.676738  0.669603
0.236763  0.676672  0.669545
0.237762  0.676597  0.669478
0.238761  0.676512  0.669401
0.23976  0.676418  0.669315
0.240759  0.676315  0.66922
0.241758  0.676203  0.669116
0.242757  0.676082  0.669003
0.243756  0.675952  0.668881
0.244755  0.675814  0.668751
0.245754  0.675667  0.668612
0.246753  0.675511  0.668464
0.247752  0.675347  0.668308
0.248751  0.675174  0.668144
0.24975  0.674994  0.667971
0.250749  0.674805  0.66779
0.251748  0.674608  0.667601
0.252747  0.674402  0.667404
0.253746  0.674189  0.667198
0.254745  0.673968  0.666985
0.255744  0.673739  0.666765
0.256743  0.673503  0.666536
0.257742  0.673259  0.6663
0.258741  0.673007  0.666056
0.25974  0.672747  0.665805
0.260739  0.672481  0.665546
0.261738  0.672207  0.66528
0.262737  0.671925  0.665007
0.263736  0.671637  0.664726
0.264735  0.671341  0.664438
0.265734  0.671038  0.664143
0.266733  0.670728  0.663842
0.267732  0.670411  0.663533
0.268731  0.670088  0.663217
0.26973  0.669757  0.662895
0.270729  0.66942  0.662566
0.271728  0.669077  0.66223
0.272727  0.668726  0.661888
0.273726  0.668369  0.661539
0.274725  0.668006  0.661183
0.275724  0.667636  0.660822
0.276723  0.66726  0.660454
0.277722  0.666878  0.660079
0.278721  0.666489  0.659699
0.27972  0.666094  0.659312
0.280719  0.665694  0.658919
0.281718  0.665287  0.65852
0.282717  0.664874  0.658116
0.283716  0.664455  0.657705
0.284715  0.664031  0.657288
0.285714  0.6636  0.656866
0.286713  0.663164  0.656438
0.287712  0.662723  0.656004
0.288711  0.662275  0.655565
0.28971  0.661822  0.65512
0.290709  0.661364  0.65467
0.291708  0.6609  0.654214
0.292707  0.660431  0.653752
0.293706  0.659956  0.653286
0.294705  0.659476  0.652814
0.295704  0.658991  0.652337
0.296703  0.658501  0.651854
0.297702  0.658005  0.651367
0.298701  0.657504  0.650874
0.2997  0.656999  0.650377
0.300699  0.656488  0.649874
0.301698  0.655973  0.649367
0.302697  0.655452  0.648854
0.303696  0.654927  0.648337
0.304695  0.654397  0.647815
0.305694  0.653862  0.647288
0.306693  0.653323  0.646757
0.307692  0.652779  0.646221
0.308691  0.65223  0.64568
0.30969  0.651677  0.645135
0.310689  0.651119  0.644585
0.311688  0.650557  0.644031
0.312687  0.64999  0.643472
0.313686  0.649419  0.642909
0.314685  0.648844  0.642342
0.315684  0.648264  0.64177
0.316683  0.64768  0.641194
0.317682  0.647092  0.640614
0.318681  0.6465  0.64003
0.31968  0.645903  0.639441
0.320679  0.645303  0.638849
0.321678  0.644698  0.638252
0.322677  0.64409  0.637652
0.323676  0.643477  0.637048
0.324675  0.642861  0.636439
0.325674  0.642241  0.635827
0.326673  0.641616  0.635211
0.327672  0.640988  0.634591
0.328671  0.640357  0.633967
0.32967  0.639721  0.63334
0.330669  0.639082  0.632709
0.331668  0.638439  0.632074
0.332667  0.637793  0.631435
0.333666  0.637143  0.630793
0.334665  0.636489  0.630148
0.335664  0.635832  0.629499
0.336663  0.635172  0.628846
0.337662  0.634508  0.62819
0.338661  0.633841  0.627531
0.33966  0.63317  0.626868
0.340659  0.632496  0.626202
0.341658  0.631818  0.625533
0.342657  0.631138  0.62486
0.343656  0.630454  0.624184
0.344655  0.629767  0.623505
0.345654  0.629076  0.622823
0.346653  0.628383  0.622137
0.347652  0.627686  0.621449
0.348651  0.626986  0.620757
0.34965  0.626284  0.620062
0.350649  0.625578  0.619365
0.351648  0.624869  0.618664
0.352647  0.624158  0.61796
0.353646  0.623443  0.617254
0.354645  0.622725  0.616544
0.355644  0.622005  0.615832
0.356643  0.621282  0.615116
0.357642  0.620556  0.614398
0.358641  0.619827  0.613677
0.35964  0.619095  0.612954
0.360639  0.618361  0.612227
0.361638  0.617624  0.611498
0.362637  0.616884  0.610767
0.363636  0.616141  0.610032
0.364635  0.615396  0.609295
0.365634  0.614649  0.608555
0.366633  0.613898  0.607813
0.367632  0.613146  0.607068
0.368631  0.61239  0.606321
0.36963  0.611632  0.605571
0.370629  0.610872  0.604819
0.371628  0.610109  0.604064
0.372627  0.609344  0.603307
0.373626  0.608577  0.602548
0.374625  0.607807  0.601786
0.375624  0.607034  0.601021
0.376623  0.60626  0.600255
0.377622  0.605483  0.599486
0.378621  0.604704  0.598714
0.37962  0.603922  0.597941
0.380619  0.603138  0.597165
0.381618  0.602352  0.596387
0.382617  0.601564  0.595607
0.383616  0.600774  0.594825
0.384615  0.599981  0.59404
0.385614  0.599187  0.593254
0.386613  0.59839  0.592465
0.387612  0.597591  0.591674
0.388611  0.59679  0.590881
0.38961  0.595987  0.590086
0.390609  0.595182  0.589289
0.391608  0.594375  0.58849
0.392607  0.593566  0.587689
0.393606  0.592755  0.586887
0.394605  0.591943  0.586082
0.395604  0.591128  0.585275
0.396603  0.590311  0.584466
0.397602  0.589492  0.583656
0.398601  0.588672  0.582843
0.3996  0.58785  0.582029
0.400599  0.587025  0.581213
0.401598  0.586199  0.580395
0.402597  0.585372  0.579575
0.403596  0.584542  0.578753
0.404595  0.583711  0.57793
0.405594  0.582878  0.577105
0.406593  0.582043  0.576278
0.407592  0.581206  0.57545
0.408591  0.580368  0.574619
0.40959  0.579528  0.573787
0.410589  0.578687  0.572954
0.411588  0.577843  0.572119
0.412587  0.576999  0.571282
0.413586  0.576152  0.570444
0.414585  0.575304  0.569603
0.415584  0.574455  0.568762
0.416583  0.573603  0.567919
0.417582  0.572751  0.567074
0.418581  0.571896  0.566228
0.41958  0.571041  0.56538
0.420579  0.570183  0.564531
0.421578  0.569325  0.56368
0.422577  0.568464  0.562828
0.423576  0.567603  0.561974
0.424575  0.566739  0.561119
0.425574  0.565875  0.560262
0.426573  0.565009  0.559404
0.427572  0.564141  0.558545
0.428571  0.563273  0.557684
0.42957  0.562403  0.556822
0.430569  0.561531  0.555959
0.431568  0.560658  0.555094
0.432567  0.559784  0.554228
0.433566  0.558908  0.55336
0.434565  0.558032  0.552491
0.435564  0.557154  0.551621
0.436563  0.556274  0.55075
0.437562  0.555393  0.549877
0.438561  0.554512  0.549003
0.43956  0.553628  0.548128
0.440559  0.552744  0.547252
0.441558  0.551858  0.546374
0.442557  0.550972  0.545495
0.443556  0.550084  0.544615
0.444555  0.549194  0.543734
0.445554  0.548304  0.542852
0.446553  0.547413  0.541968
0.447552  0.54652  0.541084
0.448551  0.545626  0.540198
0.44955  0.544731  0.539311
0.450549  0.543835  0.538423
0.451548  0.542938  0.537534
0.452547  0.54204  0.536644
0.453546  0.54114  0.535752
0.454545  0.54024  0.53486
0.455544  0.539339  0.533966
0.456543  0.538436  0.533072
0.457542  0.537533  0.532176
0.458541  0.536628  0.53128
0.45954  0.535722  0.530382
0.460539  0.534816  0.529484
0.461538  0.533908  0.528584
0.462537  0.533  0.527684
0.463536  0.53209  0.526782
0.464535  0.53118  0.52588
0.465534  0.530268  0.524976
0.466533  0.529356  0.524072
0.467532  0.528442  0.523166
0.468531  0.527528  0.52226
0.46953  0.526613  0.521353
0.470529  0.525697  0.520445
0.471528  0.52478  0.519536
0.472527  0.523862  0.518626
0.473526  0.522943  0.517715
0.474525  0.522023  0.516803
0.475524  0.521103  0.515891
0.476523  0.520181  0.514977
0.477522  0.519259  0.514063
0.478521  0.518336  0.513148
0.47952  0.517412  0.512232
0.480519  0.516487  0.511315
0.481518  0.515562  0.510398
0.482517  0.514635  0.509479
0.483516  0.513708  0.50856
0.484515  0.51278  0.50764
0.485514  0.511851  0.506719
0.486513  0.510922  0.505798
0.487512  0.509991  0.504876
0.488511  0.50906  0.503952
0.48951  0.508128  0.503029
0.490509  0.507196  0.502104
0.491508  0.506262  0.501179
0.492507  0.505328  0.500253
0.493506  0.504394  0.499326
0.494505  0.503458  0.498398
0.495504  0.502522  0.49747
0.496503  0.501585  0.496541
0.497502  0.500647  0.495612
0.498501  0.499709  0.494681
0.4995  0.49877  0.49375
0.5005  0.497831  0.492819
0.501499  0.49689  0.491887
0.502498  0.495949  0.490954
0.503497  0.495008  0.49002
0.504496  0.494065  0.489086
0.505495  0.493122  0.488151
0.506494  0.492179  0.487215
0.507493  0.491235  0.486279
0.508492  0.49029  0.485342
0.509491  0.489344  0.484405
0.51049  0.488398  0.483467
0.511489  0.487452  0.482528
0.512488  0.486504  0.481589
0.513487  0.485556  0.480649
0.514486  0.484608  0.479709
0.515485  0.483659  0.478768
0.516484  0.482709  0.477826
0.517483  0.481759  0.476884
0.518482  0.480809  0.475941
0.519481  0.479857  0.474998
0.52048  0.478905  0.474054
0.521479  0.477953  0.47311
0.522478  0.477  0.472165
0.523477  0.476047  0.471219
0.524476  0.475093  0.470273
0.525475  0.474138  0.469327
0.526474  0.473183  0.46838
0.527473  0.472227  0.467432
0.528472  0.471271  0.466484
0.529471  0.470315  0.465535
0.53047  0.469358  0.464586
0.531469  0.4684  0.463637
0.532468  0.467442  0.462687
0.533467  0.466483  0.461736
0.534466  0.465524  0.460785
0.535465  0.464565  0.459834
0.536464  0.463605  0.458882
0.537463  0.462644  0.457929
0.538462  0.461684  0.456976
0.539461  0.460722  0.456023
0.54046  0.45976  0.455069
0.541459  0.458798  0.454115
0.542458  0.457835  0.45316
0.543457  0.456872  0.452205
0.544456  0.455909  0.451249
0.545455  0.454945  0.450293
0.546454  0.45398  0.449337
0.547453  0.453015  0.44838
0.548452  0.45205  0.447423
0.549451  0.451084  0.446465
0.55045  0.450118  0.445507
0.551449  0.449152  0.444548
0.552448  0.448185  0.44359
0.553447  0.447217  0.44263
0.554446  0.44625  0.441671
0.555445  0.445282  0.44071
0.556444  0.444313  0.43975
0.557443  0.443344  0.438789
0.558442  0.442375  0.437828
0.559441  0.441405  0.436866
0.56044  0.440435  0.435904
0.561439  0.439465  0.434942
0.562438  0.438494  0.433979
0.563437  0.437523  0.433016
0.564436  0.436552  0.432053
0.565435  0.43558  0.431089
0.566434  0.434608  0.430125
0.567433  0.433635  0.42916
0.568432  0.432662  0.428195
0.569431  0.431689  0.42723
0.57043  0.430716  0.426265
0.571429  0.429742  0.425299
0.572428  0.428768  0.424333
0.573427  0.427793  0.423366
0.574426  0.426818  0.422399
0.575425  0.425843  0.421432
0.576424  0.424868  0.420465
0.577423  0.423892  0.419497
0.578422  0.422916  0.418529
0.579421  0.421939  0.417561
0.58042  0.420963  0.416592
0.581419  0.419986  0.415623
0.582418  0.419008  0.414654
0.583417  0.418031  0.413684
0.584416  0.417053  0.412714
0.585415  0.416075  0.411744
0.586414  0.415096  0.410774
0.587413  0.414118  0.409803
0.588412  0.413139  0.408832
0.589411  0.412159  0.407861
0.59041  0.41118  0.406889
0.591409  0.4102  0.405917
0.592408  0.40922  0.404945
0.593407  0.408239  0.403973
0.594406  0.407259  0.403
0.595405  0.406278  0.402027
0.596404  0.405297  0.401054
0.597403  0.404315  0.400081
0.598402  0.403334  0.399107
0.599401  0.402352  0.398133
0.6004  0.401369  0.397159
0.601399  0.400387  0.396184
0.602398  0.399404  0.39521
0.603397  0.398421  0.394235
0.604396  0.397438  0.39326
0.605395  0.396455  0.392284
0.606394  0.395471  0.391309
0.607393  0.394487  0.390333
0.608392  0.393503  0.389357
0.609391  0.392519  0.38838
0.61039  0.391534  0.387404
0.611389  0.39055  0.386427
0.612388  0.389565  0.38545
0.613387  0.38858  0.384473
0.614386  0.387594  0.383496
0.615385  0.386608  0.382518
0.616384  0.385623  0.38154
0.617383  0.384637  0.380562
0.618382  0.38365  0.379584
0.619381  0.382664  0.378605
0.62038  0.381677  0.377627
0.621379  0.38069  0.376648
0.622378  0.379703  0.375669
0.623377  0.378716  0.37469
0.624376  0.377729  0.37371
0.625375  0.376741  0.372731
0.626374  0.375753  0.371751
0.627373  0.374765  0.370771
0.628372  0.373777  0.36979
0.629371  0.372788  0.36881
0.63037  0.3718  0.367829
0.631369  0.370811  0.366849
0.632368  0.369822  0.365868
0.633367  0.368833  0.364887
0.634366  0.367844  0.363905
0.635365  0.366854  0.362924
0.636364  0.365864  0.361942
0.637363  0.364875  0.36096
0.638362  0.363885  0.359978
0.639361  0.362894  0.358996
0.64036  0.361904  0.358014
0.641359  0.360914  0.357031
0.642358  0.359923  0.356049
0.643357  0.358932  0.355066
0.644356  0.357941  0.354083
0.645355  0.35695  0.3531
0.646354  0.355959  0.352116
0.647353  0.354967  0.351133
0.648352  0.353975  0.350149
0.649351  0.352984  0.349166
0.65035  0.351992  0.348182
0.651349  0.351  0.347198
0.652348  0.350007  0.346213
0.653347  0.349015  0.345229
0.654346  0.348023  0.344245
0.655345  0.34703  0.34326
0.656344  0.346037  0.342275
0.657343  0.345044  0.34129
0.658342  0.344051  0.340305
0.659341  0.343058  0.33932
0.66034  0.342065  0.338335
0.661339  0.341071  0.337349
0.662338  0.340077  0.336363
0.663337  0.339084  0.335378
0.664336  0.33809  0.334392
0.665335  0.337096  0.333406
0.666334  0.336102  0.33242
0.667333  0.335107  0.331433
0.668332  0.334113  0.330447
0.669331  0.333118  0.329461
0.67033  0.332124  0.328474
0.671329  0.331129  0.327487
0.672328  0.330134  0.3265
0.673327  0.329139  0.325513
0.674326  0.328144  0.324526
0.675325  0.327149  0.323539
0.676324  0.326153  0.322552
0.677323  0.325158  0.321564
0.678322  0.324162  0.320576
0.679321  0.323167  0.319589
0.68032  0.322171  0.318601
0.681319  0.321175  0.317613
0.682318  0.320179  0.316625
0.683317  0.319183  0.315637
0.684316  0.318186  0.314649
0.685315  0.31719  0.31366
0.686314  0.316194  0.312672
0.687313  0.315197  0.311683
0.688312  0.3142  0.310695
0.689311  0.313204  0.309706
0.69031  0.312207  0.308717
0.691309  0.31121  0.307728
0.692308  0.310213  0.306739
0.693307  0.309215  0.30575
0.694306  0.308218  0.304761
0.695305  0.307221  0.303771
0.696304  0.306223  0.302782
0.697303  0.305226  0.301792
0.698302  0.304228  0.300803
0.699301  0.30323  0.299813
0.7003  0.302233  0.298823
0.701299  0.301235  0.297833
0.702298  0.300237  0.296843
0.703297  0.299238  0.295853
0.704296  0.29824  0.294863
0.705295  0.297242  0.293872
0.706294  0.296244  0.292882
0.707293  0.295245  0.291892
0.708292  0.294247  0.290901
0.709291  0.293248  0.289911
0.71029  0.292249  0.28892
0.711289  0.291251  0.287929
0.712288  0.290252  0.286938
0.713287  0.289253  0.285947
0.714286  0.288254  0.284956
0.715285  0.287255  0.283965
0.716284  0.286255  0.282974
0.717283  0.285256  0.281983
0.718282  0.284257  0.280991
0.719281  0.283257  0.28
0.72028  0.282258  0.279008
0.721279  0.281258  0.278017
0.722278  0.280259  0.277025
0.723277  0.279259  0.276034
0.724276  0.278259  0.275042
0.725275  0.277259  0.27405
0.726274  0.276259  0.273058
0.727273  0.275259  0.272066
0.728272  0.274259  0.271074
0.729271  0.273259  0.270082
0.73027  0.272259  0.26909
0.731269  0.271259  0.268097
0.732268  0.270258  0.267105
0.733267  0.269258  0.266113
0.734266  0.268258  0.26512
0.735265  0.267257  0.264128
0.736264  0.266256  0.263135
0.737263  0.265256  0.262143
0.738262  0.264255  0.26115
0.739261  0.263254  0.260157
0.74026  0.262253  0.259164
0.741259  0.261252  0.258171
0.742258  0.260251  0.257178
0.743257  0.25925  0.256185
0.744256  0.258249  0.255192
0.745255  0.257248  0.254199
0.746254  0.256247  0.253206
0.747253  0.255246  0.252213
0.748252  0.254244  0.251219
0.749251  0.253243  0.250226
0.75025  0.252242  0.249233
0.751249  0.25124  0.248239
0.752248  0.250239  0.247246
0.753247  0.249237  0.246252
0.754246  0.248235  0.245258
0.755245  0.247234  0.244265
0.756244  0.246232  0.243271
0.757243  0.24523  0.242277
0.758242  0.244228  0.241283
0.759241  0.243226  0.240289
0.76024  0.242224  0.239296
0.761239  0.241222  0.238302
0.762238  0.24022  0.237307
0.763237  0.239218  0.236313
0.764236  0.238216  0.235319
0.765235  0.237214  0.234325
0.766234  0.236212  0.233331
0.767233  0.235209  0.232337
0.768232  0.234207  0.231342
0.769231  0.233205  0.230348
0.77023  0.232202  0.229353
0.771229  0.2312  0.228359
0.772228  0.230197  0.227364
0.773227  0.229195  0.22637
0.774226  0.228192  0.225375
0.775225  0.227189  0.224381
0.776224  0.226187  0.223386
0.777223  0.225184  0.222391
0.778222  0.224181  0.221396
0.779221  0.223178  0.220402
0.78022  0.222176  0.219407
0.781219  0.221173  0.218412
0.782218  0.22017  0.217417
0.783217  0.219167  0.216422
0.784216  0.218164  0.215427
0.785215  0.217161  0.214432
0.786214  0.216158  0.213437
0.787213  0.215154  0.212442
0.788212  0.214151  0.211447
0.789211  0.213148  0.210451
0.79021  0.212145  0.209456
0.791209  0.211141  0.208461
0.792208  0.210138  0.207466
0.793207  0.209135  0.20647
0.794206  0.208131  0.205475
0.795205  0.207128  0.204479
0.796204  0.206125  0.203484
0.797203  0.205121  0.202488
0.798202  0.204117  0.201493
0.799201  0.203114  0.200497
0.8002  0.20211  0.199502
0.801199  0.201107  0.198506
0.802198  0.200103  0.19751
0.803197  0.199099  0.196515
0.804196  0.198096  0.195519
0.805195  0.197092  0.194523
0.806194  0.196088  0.193527
0.807193  0.195084  0.192532
0.808192  0.19408  0.191536
0.809191  0.193076  0.19054
0.81019  0.192072  0.189544
0.811189  0.191069  0.188548
0.812188  0.190065  0.187552
0.813187  0.189061  0.186556
0.814186  0.188056  0.18556
0.815185  0.187052  0.184564
0.816184  0.186048  0.183568
0.817183  0.185044  0.182572
0.818182  0.18404  0.181576
0.819181  0.183036  0.180579
0.82018  0.182032  0.179583
0.821179  0.181027  0.178587
0.822178  0.180023  0.177591
0.823177  0.179019  0.176594
0.824176  0.178014  0.175598
0.825175  0.17701  0.174602
0.826174  0.176006  0.173605
0.827173  0.175001  0.172609
0.828172  0.173997  0.171613
0.829171  0.172992  0.170616
0.83017  0.171988  0.16962
0.831169  0.170984  0.168623
0.832168  0.169979  0.167627
0.833167  0.168974  0.16663
0.834166  0.16797  0.165634
0.835165  0.166965  0.164637
0.836164  0.165961  0.16364
0.837163  0.164956  0.162644
0.838162  0.163951  0.161647
0.839161  0.162947  0.16065
0.84016  0.161942  0.159654
0.841159  0.160937  0.158657
0.842158  0.159932  0.15766
0.843157  0.158928  0.156664
0.844156  0.157923  0.155667
0.845155  0.156918  0.15467
0.846154  0.155913  0.153673
0.847153  0.154908  0.152676
0.848152  0.153903  0.151679
0.849151  0.152899  0.150682
0.85015  0.151894  0.149686
0.851149  0.150889  0.148689
0.852148  0.149884  0.147692
0.853147  0.148879  0.146695
0.854146  0.147874  0.145698
0.855145  0.146869  0.144701
0.856144  0.145864  0.143704
0.857143  0.144859  0.142707
0.858142  0.143854  0.14171
0.859141  0.142848  0.140712
0.86014  0.141843  0.139715
0.861139  0.140838  0.138718
0.862138  0.139833  0.137721
0.863137  0.138828  0.136724
0.864136  0.137823  0.135727
0.865135  0.136817  0.13473
0.866134  0.135812  0.133732
0.867133  0.134807  0.132735
0.868132  0.133802  0.131738
0.869131  0.132796  0.130741
0.87013  0.131791  0.129743
0.871129  0.130786  0.128746
0.872128  0.12978  0.127749
0.873127  0.128775  0.126751
0.874126  0.12777  0.125754
0.875125  0.126764  0.124757
0.876124  0.125759  0.123759
0.877123  0.124754  0.122762
0.878122  0.123748  0.121764
0.879121  0.122743  0.120767
0.88012  0.121737  0.11977
0.881119  0.120732  0.118772
0.882118  0.119726  0.117775
0.883117  0.118721  0.116777
0.884116  0.117715  0.11578
0.885115  0.11671  0.114782
0.886114  0.115704  0.113785
0.887113  0.114699  0.112787
0.888112  0.113693  0.111789
0.889111  0.112688  0.110792
0.89011  0.111682  0.109794
0.891109  0.110676  0.108797
0.892108  0.109671  0.107799
0.893107  0.108665  0.106801
0.894106  0.107659  0.105804
0.895105  0.106654  0.104806
0.896104  0.105648  0.103808
0.897103  0.104642  0.102811
0.898102  0.103637  0.101813
0.899101  0.102631  0.100815
0.9001  0.101625  0.0998177
0.901099  0.100619  0.0988199
0.902098  0.0996137  0.0978222
0.903097  0.098608  0.0968245
0.904096  0.0976022  0.0958267
0.905095  0.0965964  0.0948289
0.906094  0.0955906  0.0938311
0.907093  0.0945848  0.0928333
0.908092  0.093579  0.0918355
0.909091  0.0925731  0.0908377
0.91009  0.0915673  0.0898398
0.911089  0.0905614  0.088842
0.912088  0.0895555  0.0878441
0.913087  0.0885497  0.0868463
0.914086  0.0875438  0.0858484
0.915085  0.0865379  0.0848505
0.916084  0.085532  0.0838526
0.917083  0.084526  0.0828547
0.918082  0.0835201  0.0818568
0.919081  0.0825142  0.0808588
0.92008  0.0815082  0.0798609
0.921079  0.0805023  0.0788629
0.922078  0.0794963  0.077865
0.923077  0.0784903  0.076867
0.924076  0.0774843  0.075869
0.925075  0.0764783  0.074871
0.926074  0.0754723  0.073873
0.927073  0.0744663  0.072875
0.928072  0.0734603  0.071877
0.929071  0.0724542  0.070879
0.93007  0.0714482  0.0698809
0.931069  0.0704421  0.0688829
0.932068  0.069436  0.0678848
0.933067  0.06843  0.0668868
0.934066  0.0674239  0.0658887
0.935065  0.0664178  0.0648906
0.936064  0.0654117  0.0638925
0.937063  0.0644056  0.0628944
0.938062  0.0633995  0.0618963
0.939061  0.0623933  0.0608982
0.94006  0.0613872  0.0599001
0.941059  0.060381  0.0589019
0.942058  0.0593749  0.0579038
0.943057  0.0583687  0.0569056
0.944056  0.0573626  0.0559075
0.945055  0.0563564  0.0549093
0.946054  0.0553502  0.0539111
0.947053  0.054344  0.052913
0.948052  0.0533378  0.0519148
0.949051  0.0523316  0.0509166
0.95005  0.0513254  0.0499184
0.951049  0.0503192  0.0489202
0.952048  0.0493129  0.0479219
0.953047  0.0483067  0.0469237
0.954046  0.0473005  0.0459255
0.955045  0.0462942  0.0449272
0.956044  0.0452879  0.043929
0.957043  0.0442817  0.0429307
0.958042  0.0432754  0.0419325
0.959041  0.0422691  0.0409342
0.96004  0.0412628  0.0399359
0.961039  0.0402566  0.0389376
0.962038  0.0392503  0.0379394
0.963037  0.0382439  0.0369411
0.964036  0.0372376  0.0359428
0.965035  0.0362313  0.0349444
0.966034  0.035225  0.0339461
0.967033  0.0342187  0.0329478
0.968032  0.0332123  0.0319495
0.969031  0.032206  0.0309511
0.97003  0.0311996  0.0299528
0.971029  0.0301933  0.0289545
0.972028  0.0291869  0.0279561
0.973027  0.0281805  0.0269577
0.974026  0.0271742  0.0259594
0.975025  0.0261678  0.024961
0.976024  0.0251614  0.0239626
0.977023  0.024155  0.0229643
0.978022  0.0231486  0.0219659
0.979021  0.0221422  0.0209675
0.98002  0.0211358  0.0199691
0.981019  0.0201294  0.0189707
0.982018  0.019123  0.0179723
0.983017  0.0181165  0.0169738
0.984016  0.0171101  0.0159754
0.985015  0.0161037  0.014977
0.986014  0.0150972  0.0139786
0.987013  0.0140908  0.0129801
0.988012  0.0130843  0.0119817
0.989011  0.0120779  0.0109832
0.99001  0.0110714  0.00998479
0.991009  0.0100649  0.00898633
0.992008  0.00905846  0.00798787
0.993007  0.00805199  0.0069894
0.994006  0.00704551  0.00599093
0.995005  0.00603902  0.00499245
0.996004  0.00503253  0.00399397
0.997003  0.00402603  0.00299549
0.998002  0.00301953  0.001997
0.999001  0.00201302  0.0009985
