0.000999001  0.0179642  0.00894132
0.001998  0.0267977  0.0177838
0.002997  0.0355332  0.0265285
0.003996  0.044172  0.0351763
0.004995  0.0527148  0.0437283
0.00599401  0.0611627  0.0521853
0.00699301  0.0695166  0.0605483
0.00799201  0.0777775  0.0688182
0.00899101  0.0859462  0.076996
0.00999001  0.0940237  0.0850826
0.010989  0.102011  0.0930789
0.011988  0.109909  0.100986
0.012987  0.117718  0.108804
0.013986  0.12544  0.116535
0.014985  0.133074  0.124179
0.015984  0.140623  0.131737
0.016983  0.148087  0.13921
0.017982  0.155467  0.146598
0.018981  0.162763  0.153904
0.01998  0.169977  0.161127
0.020979  0.177109  0.168268
0.021978  0.18416  0.175328
0.022977  0.191131  0.182308
0.023976  0.198022  0.189209
0.024975  0.204836  0.196031
0.025974  0.211571  0.202775
0.026973  0.218229  0.209443
0.027972  0.224812  0.216034
0.028971  0.231318  0.22255
0.02997  0.23775  0.228991
0.030969  0.244109  0.235358
0.031968  0.250393  0.241652
0.032967  0.256606  0.247874
0.033966  0.262747  0.254023
0.034965  0.268816  0.260102
0.035964  0.274815  0.26611
0.036963  0.280745  0.272049
0.037962  0.286605  0.277919
0.038961  0.292398  0.28372
0.03996  0.298123  0.289454
0.040959  0.30378  0.295121
0.041958  0.309372  0.300721
0.042957  0.314898  0.306256
0.043956  0.320359  0.311726
0.044955  0.325755  0.317132
0.045954  0.331089  0.322474
0.046953  0.336359  0.327753
0.047952  0.341566  0.33297
0.048951  0.346712  0.338125
0.04995  0.351797  0.343219
0.0509491  0.356821  0.348252
0.0519481  0.361785  0.353225
0.0529471  0.366689  0.358139
0.0539461  0.371535  0.362994
0.0549451  0.376323  0.367791
0.0559441  0.381053  0.37253
0.0569431  0.385727  0.377212
0.0579421  0.390343  0.381838
0.0589411  0.394904  0.386408
0.0599401  0.399409  0.390922
0.0609391  0.40386  0.395382
0.0619381  0.408256  0.399787
0.0629371  0.412599  0.404139
0.0639361  0.416888  0.408437
0.0649351  0.421125  0.412683
0.0659341  0.42531  0.416877
0.0669331  0.429443  0.421019
0.0679321  0.433525  0.42511
0.0689311  0.437556  0.42915
0.0699301  0.441537  0.43314
0.0709291  0.445469  0.437081
0.0719281  0.449351  0.440973
0.0729271  0.453185  0.444816
0.0739261  0.456971  0.448611
0.0749251  0.460709  0.452358
0.0759241  0.4644  0.456058
0.0769231  0.468044  0.459711
0.0779221  0.471642  0.463318
0.0789211  0.475195  0.466879
0.0799201  0.478702  0.470395
0.0809191  0.482164  0.473866
0.0819181  0.485581  0.477293
0.0829171  0.488955  0.480676
0.0839161  0.492285  0.484015
0.0849151  0.495572  0.487311
0.0859141  0.498816  0.490564
0.0869131  0.502018  0.493775
0.0879121  0.505178  0.496944
0.0889111  0.508297  0.500072
0.0899101  0.511374  0.503159
0.0909091  0.514411  0.506205
0.0919081  0.517408  0.509211
0.0929071  0.520365  0.512177
0.0939061  0.523283  0.515103
0.0949051  0.526162  0.517991
0.0959041  0.529001  0.52084
0.0969031  0.531803  0.523651
0.0979021  0.534567  0.526424
0.0989011  0.537293  0.529159
0.0999001  0.539983  0.531857
0.100899  0.542635  0.534519
0.101898  0.545251  0.537144
0.102897  0.547831  0.539733
0.103896  0.550376  0.542287
0.104895  0.552885  0.544805
0.105894  0.555359  0.547288
0.106893  0.557798  0.549736
0.107892  0.560204  0.552151
0.108891  0.562575  0.554531
0.10989  0.564913  0.556878
0.110889  0.567217  0.559191
0.111888  0.569489  0.561472
0.112887  0.571728  0.56372
0.113886  0.573934  0.565936
0.114885  0.576109  0.568119
0.115884  0.578252  0.570271
0.116883  0.580364  0.572392
0.117882  0.582445  0.574482
0.118881  0.584495  0.576541
0.11988  0.586514  0.57857
0.120879  0.588504  0.580568
0.121878  0.590464  0.582537
0.122877  0.592394  0.584476
0.123876  0.594295  0.586387
0.124875  0.596167  0.588268
0.125874  0.598011  0.59012
0.126873  0.599826  0.591944
0.127872  0.601613  0.593741
0.128871  0.603372  0.595509
0.12987  0.605104  0.59725
0.130869  0.606808  0.598963
0.131868  0.608486  0.60065
0.132867  0.610137  0.60231
0.133866  0.611761  0.603944
0.134865  0.61336  0.605551
0.135864  0.614932  0.607132
0.136863  0.616479  0.608688
0.137862  0.618  0.610218
0.138861  0.619496  0.611724
0.13986  0.620968  0.613204
0.140859  0.622414  0.61466
0.141858  0.623837  0.616091
0.142857  0.625235  0.617498
0.143856  0.626609  0.618882
0.144855  0.62796  0.620241
0.145854  0.629287  0.621577
0.146853  0.630591  0.62289
0.147852  0.631871  0.62418
0.148851  0.63313  0.625447
0.14985  0.634365  0.626692
0.150849  0.635579  0.627914
0.151848  0.63677  0.629114
0.152847  0.637939  0.630293
0.153846  0.639087  0.63145
0.154845  0.640213  0.632585
0.155844  0.641318  0.633699
0.156843  0.642402  0.634792
0.157842  0.643466  0.635865
0.158841  0.644508  0.636916
0.15984  0.645531  0.637948
0.160839  0.646533  0.638959
0.161838  0.647515  0.63995
0.162837  0.648477  0.640921
0.163836  0.64942  0.641873
0.164835  0.650343  0.642806
0.165834  0.651248  0.643719
0.166833  0.652133  0.644613
0.167832  0.652999  0.645488
0.168831  0.653847  0.646345
0.16983  0.654676  0.647184
0.170829  0.655487  0.648004
0.171828  0.65628  0.648806
0.172827  0.657055  0.64959
0.173826  0.657813  0.650356
0.174825  0.658552  0.651105
0.175824  0.659275  0.651836
0.176823  0.65998  0.65255
0.177822  0.660668  0.653248
0.178821  0.661339  0.653928
0.17982  0.661994  0.654592
0.180819  0.662632  0.655239
0.181818  0.663254  0.655869
0.182817  0.663859  0.656484
0.183816  0.664449  0.657083
0.184815  0.665022  0.657665
0.185814  0.66558  0.658232
0.186813  0.666123  0.658783
0.187812  0.66665  0.659319
0.188811  0.667161  0.65984
0.18981  0.667658  0.660346
0.190809  0.668139  0.660836
0.191808  0.668606  0.661312
0.192807  0.669058  0.661773
0.193806  0.669496  0.66222
0.194805  0.669919  0.662652
0.195804  0.670328  0.66307
0.196803  0.670723  0.663474
0.197802  0.671104  0.663864
0.198801  0.671471  0.66424
0.1998  0.671825  0.664603
0.200799  0.672165  0.664952
0.201798  0.672491  0.665288
0.202797  0.672805  0.66561
0.203796  0.673105  0.665919
0.204795  0.673392  0.666215
0.205794  0.673666  0.666499
0.206793  0.673928  0.666769
0.207792  0.674177  0.667027
0.208791  0.674413  0.667273
0.20979  0.674637  0.667506
0.210789  0.674849  0.667727
0.211788  0.675049  0.667935
0.212787  0.675237  0.668132
0.213786  0.675412  0.668317
0.214785  0.675576  0.66849
0.215784  0.675729  0.668651
0.216783  0.67587  0.668801
0.217782  0.675999  0.66894
0.218781  0.676117  0.669067
0.21978  0.676224  0.669183
0.220779  0.67632  0.669288
0.221778  0.676405  0.669382
0.222777  0.676479  0.669465
0.223776  0.676542  0.669537
0.224775  0.676595  0.669599
0.225774  0.676637  0.66965
0.226773  0.676669  0.66969
0.227772  0.67669  0.669721
0.228771  0.676701  0.669741
0.22977  0.676702  0.669751
0.230769  0.676693  0.669751
0.231768  0.676674  0.669741
0.232767  0.676645  0.669721
0.233766  0.676606  0.669691
0.234765  0.676558  0.669652
0.235764  0.6765  0.669603
0.236763  0.676433  0.669545
0.237762  0.676357  0.669478
0.238761  0.676271  0.669401
0.23976  0.676176  0.669315
0.240759  0.676072  0.66922
0.241758  0.675959  0.669116
0.242757  0.675837  0.669003
0.243756  0.675706  0.668881
0.244755  0.675567  0.668751
0.245754  0.675419  0.668612
0.246753  0.675262  0.668464
0.247752  0.675097  0.668308
0.248751  0.674923  0.668144
0.24975  0.674742  0.667971
0.250749  0.674552  0.66779
0.251748  0.674353  0.667601
0.252747  0.674147  0.667404
0.253746  0.673933  0.667198
0.254745  0.673711  0.666985
0.255744  0.673481  0.666765
0.256743  0.673244  0.666536
0.257742  0.672998  0.6663
0.258741  0.672746  0.666056
0.25974  0.672485  0.665805
0.260739  0.672218  0.665546
0.261738  0.671942  0.66528
0.262737  0.67166  0.665007
0.263736  0.67137  0.664726
0.264735  0.671074  0.664438
0.265734  0.67077  0.664143
0.266733  0.670459  0.663842
0.267732  0.670141  0.663533
0.268731  0.669817  0.663217
0.26973  0.669485  0.662895
0.270729  0.669147  0.662566
0.271728  0.668802  0.66223
0.272727  0.668451  0.661888
0.273726  0.668093  0.661539
0.274725  0.667729  0.661183
0.275724  0.667358  0.660822
0.276723  0.666981  0.660454
0.277722  0.666597  0.660079
0.278721  0.666208  0.659699
0.27972  0.665812  0.659312
0.280719  0.66541  0.658919
0.281718  0.665002  0.65852
0.282717  0.664589  0.658116
0.283716  0.664169  0.657705
0.284715  0.663743  0.657288
0.285714  0.663312  0.656866
0.286713  0.662875  0.656438
0.287712  0.662432  0.656004
0.288711  0.661984  0.655565
0.28971  0.66153  0.65512
0.290709  0.66107  0.65467
0.291708  0.660606  0.654214
0.292707  0.660135  0.653752
0.293706  0.65966  0.653286
0.294705  0.659179  0.652814
0.295704  0.658693  0.652337
0.296703  0.658201  0.651854
0.297702  0.657705  0.651367
0.298701  0.657203  0.650874
0.2997  0.656697  0.650377
0.300699  0.656185  0.649874
0.301698  0.655668  0.649367
0.302697  0.655147  0.648854
0.303696  0.654621  0.648337
0.304695  0.65409  0.647815
0.305694  0.653554  0.647288
0.306693  0.653013  0.646757
0.307692  0.652468  0.646221
0.308691  0.651919  0.64568
0.30969  0.651364  0.645135
0.310689  0.650806  0.644585
0.311688  0.650242  0.644031
0.312687  0.649675  0.643472
0.313686  0.649103  0.642909
0.314685  0.648526  0.642342
0.315684  0.647946  0.64177
0.316683  0.647361  0.641194
0.317682  0.646772  0.640614
0.318681  0.646178  0.64003
0.31968  0.645581  0.639441
0.320679  0.644979  0.638849
0.321678  0.644374  0.638252
0.322677  0.643764  0.637652
0.323676  0.643151  0.637048
0.324675  0.642533  0.636439
0.325674  0.641912  0.635827
0.326673  0.641287  0.635211
0.327672  0.640658  0.634591
0.328671  0.640025  0.633967
0.32967  0.639389  0.63334
0.330669  0.638749  0.632709
0.331668  0.638105  0.632074
0.332667  0.637458  0.631435
0.333666  0.636807  0.630793
0.334665  0.636152  0.630148
0.335664  0.635494  0.629499
0.336663  0.634832  0.628846
0.337662  0.634167  0.62819
0.338661  0.633499  0.627531
0.33966  0.632827  0.626868
0.340659  0.632152  0.626202
0.341658  0.631474  0.625533
0.342657  0.630792  0.62486
0.343656  0.630107  0.624184
0.344655  0.629419  0.623505
0.345654  0.628728  0.622823
0.346653  0.628033  0.622137
0.347652  0.627336  0.621449
0.348651  0.626635  0.620757
0.34965  0.625931  0.620062
0.350649  0.625224  0.619365
0.351648  0.624515  0.618664
0.352647  0.623802  0.61796
0.353646  0.623086  0.617254
0.354645  0.622368  0.616544
0.355644  0.621646  0.615832
0.356643  0.620922  0.615116
0.357642  0.620195  0.614398
0.358641  0.619465  0.613677
0.35964  0.618732  0.612954
0.360639  0.617997  0.612227
0.361638  0.617259  0.611498
0.362637  0.616518  0.610767
0.363636  0.615775  0.610032
0.364635  0.615029  0.609295
0.365634  0.61428  0.608555
0.366633  0.613529  0.607813
0.367632  0.612775  0.607068
0.368631  0.612019  0.606321
0.36963  0.61126  0.605571
0.370629  0.610499  0.604819
0.371628  0.609735  0.604064
0.372627  0.608969  0.603307
0.373626  0.6082  0.602548
0.374625  0.607429  0.601786
0.375624  0.606656  0.601021
0.376623  0.60588  0.600255
0.377622  0.605102  0.599486
0.378621  0.604322  0.598714
0.37962  0.603539  0.597941
0.380619  0.602755  0.597165
0.381618  0.601968  0.596387
0.382617  0.601178  0.595607
0.383616  0.600387  0.594825
0.384615  0.599594  0.59404
0.385614  0.598798  0.593254
0.386613  0.598  0.592465
0.387612  0.5972  0.591674
0.388611  0.596398  0.590881
0.38961  0.595595  0.590086
0.390609  0.594789  0.589289
0.391608  0.593981  0.58849
0.392607  0.593171  0.587689
0.393606  0.592359  0.586887
0.394605  0.591545  0.586082
0.395604  0.590729  0.585275
0.396603  0.589911  0.584466
0.397602  0.589092  0.583656
0.398601  0.58827  0.582843
0.3996  0.587447  0.582029
0.400599  0.586622  0.581213
0.401598  0.585795  0.580395
0.402597  0.584966  0.579575
0.403596  0.584135  0.578753
0.404595  0.583303  0.57793
0.405594  0.582469  0.577105
0.406593  0.581633  0.576278
0.407592  0.580795  0.57545
0.408591  0.579956  0.574619
0.40959  0.579115  0.573787
0.410589  0.578273  0.572954
0.411588  0.577429  0.572119
0.412587  0.576583  0.571282
0.413586  0.575735  0.570444
0.414585  0.574886  0.569603
0.415584  0.574036  0.568762
0.416583  0.573183  0.567919
0.417582  0.57233  0.567074
0.418581  0.571474  0.566228
0.41958  0.570618  0.56538
0.420579  0.569759  0.564531
0.421578  0.5689  0.56368
0.422577  0.568038  0.562828
0.423576  0.567176  0.561974
0.424575  0.566312  0.561119
0.425574  0.565446  0.560262
0.426573  0.564579  0.559404
0.427572  0.563711  0.558545
0.428571  0.562841  0.557684
0.42957  0.56197  0.556822
0.430569  0.561097  0.555959
0.431568  0.560223  0.555094
0.432567  0.559348  0.554228
0.433566  0.558472  0.55336
0.434565  0.557594  0.552491
0.435564  0.556715  0.551621
0.436563  0.555834  0.55075
0.437562  0.554953  0.549877
0.438561  0.55407  0.549003
0.43956  0.553185  0.548128
0.440559  0.5523  0.547252
0.441558  0.551413  0.546374
0.442557  0.550526  0.545495
0.443556  0.549637  0.544615
0.444555  0.548746  0.543734
0.445554  0.547855  0.542852
0.446553  0.546963  0.541968
0.447552  0.546069  0.541084
0.448551  0.545174  0.540198
0.44955  0.544278  0.539311
0.450549  0.543381  0.538423
0.451548  0.542483  0.537534
0.452547  0.541584  0.536644
0.453546  0.540683  0.535752
0.454545  0.539782  0.53486
0.455544  0.538879  0.533966
0.456543  0.537976  0.533072
0.457542  0.537071  0.532176
0.458541  0.536166  0.53128
0.45954  0.535259  0.530382
0.460539  0.534352  0.529484
0.461538  0.533443  0.528584
0.462537  0.532534  0.527684
0.463536  0.531623  0.526782
0.464535  0.530711  0.52588
0.465534  0.529799  0.524976
0.466533  0.528886  0.524072
0.467532  0.527971  0.523166
0.468531  0.527056  0.52226
0.46953  0.52614  0.521353
0.470529  0.525223  0.520445
0.471528  0.524304  0.519536
0.472527  0.523386  0.518626
0.473526  0.522466  0.517715
0.474525  0.521545  0.516803
0.475524  0.520623  0.515891
0.476523  0.519701  0.514977
0.477522  0.518778  0.514063
0.478521  0.517854  0.513148
0.47952  0.516929  0.512232
0.480519  0.516003  0.511315
0.481518  0.515076  0.510398
0.482517  0.514149  0.509479
0.483516  0.513221  0.50856
0.484515  0.512292  0.50764
0.485514  0.511362  0.506719
0.486513  0.510431  0.505798
0.487512  0.5095  0.504876
0.488511  0.508568  0.503952
0.48951  0.507635  0.503029
0.490509  0.506702  0.502104
0.491508  0.505767  0.501179
0.492507  0.504832  0.500253
0.493506  0.503896  0.499326
0.494505  0.50296  0.498398
0.495504  0.502023  0.49747
0.496503  0.501085  0.496541
0.497502  0.500146  0.495612
0.498501  0.499207  0.494681
0.4995  0.498267  0.49375
0.5005  0.497326  0.492819
0.501499  0.496385  0.491887
0.502498  0.495443  0.490954
0.503497  0.4945  0.49002
0.504496  0.493557  0.489086
0.505495  0.492613  0.488151
0.506494  0.491668  0.487215
0.507493  0.490723  0.486279
0.508492  0.489777  0.485342
0.509491  0.488831  0.484405
0.51049  0.487884  0.483467
0.511489  0.486936  0.482528
0.512488  0.485988  0.481589
0.513487  0.485039  0.480649
0.514486  0.48409  0.479709
0.515485  0.48314  0.478768
0.516484  0.482189  0.477826
0.517483  0.481238  0.476884
0.518482  0.480286  0.475941
0.519481  0.479334  0.474998
0.52048  0.478381  0.474054
0.521479  0.477428  0.47311
0.522478  0.476474  0.472165
0.523477  0.475519  0.471219
0.524476  0.474564  0.470273
0.525475  0.473609  0.469327
0.526474  0.472653  0.46838
0.527473  0.471696  0.467432
0.528472  0.470739  0.466484
0.529471  0.469781  0.465535
0.53047  0.468823  0.464586
0.531469  0.467865  0.463637
0.532468  0.466906  0.462687
0.533467  0.465946  0.461736
0.534466  0.464986  0.460785
0.535465  0.464025  0.459834
0.536464  0.463065  0.458882
0.537463  0.462103  0.457929
0.538462  0.461141  0.456976
0.539461  0.460179  0.456023
0.54046  0.459216  0.455069
0.541459  0.458253  0.454115
0.542458  0.457289  0.45316
0.543457  0.456325  0.452205
0.544456  0.45536  0.451249
0.545455  0.454395  0.450293
0.546454  0.45343  0.449337
0.547453  0.452464  0.44838
0.548452  0.451497  0.447423
0.549451  0.450531  0.446465
0.55045  0.449564  0.445507
0.551449  0.448596  0.444548
0.552448  0.447628  0.44359
0.553447  0.44666  0.44263
0.554446  0.445691  0.441671
0.555445  0.444722  0.44071
0.556444  0.443753  0.43975
0.557443  0.442783  0.438789
0.558442  0.441812  0.437828
0.559441  0.440842  0.436866
0.56044  0.439871  0.435904
0.561439  0.438899  0.434942
0.562438  0.437928  0.433979
0.563437  0.436956  0.433016
0.564436  0.435983  0.432053
0.565435  0.43501  0.431089
0.566434  0.434037  0.430125
0.567433  0.433064  0.42916
0.568432  0.43209  0.428195
0.569431  0.431116  0.42723
0.57043  0.430141  0.426265
0.571429  0.429166  0.425299
0.572428  0.428191  0.424333
0.573427  0.427216  0.423366
0.574426  0.42624  0.422399
0.575425  0.425264  0.421432
0.576424  0.424287  0.420465
0.577423  0.42331  0.419497
0.578422  0.422333  0.418529
0.579421  0.421356  0.417561
0.58042  0.420378  0.416592
0.581419  0.4194  0.415623
0.582418  0.418422  0.414654
0.583417  0.417443  0.413684
0.584416  0.416464  0.412714
0.585415  0.415485  0.411744
0.586414  0.414506  0.410774
0.587413  0.413526  0.409803
0.588412  0.412546  0.408832
0.589411  0.411566  0.407861
0.59041  0.410585  0.406889
0.591409  0.409604  0.405917
0.592408  0.408623  0.404945
0.593407  0.407642  0.403973
0.594406  0.40666  0.403
0.595405  0.405678  0.402027
0.596404  0.404696  0.401054
0.597403  0.403713  0.400081
0.598402  0.402731  0.399107
0.599401  0.401748  0.398133
0.6004  0.400765  0.397159
0.601399  0.399781  0.396184
0.602398  0.398798  0.39521
0.603397  0.397814  0.394235
0.604396  0.39683  0.39326
0.605395  0.395845  0.392284
0.606394  0.394861  0.391309
0.607393  0.393876  0.390333
0.608392  0.392891  0.389357
0.609391  0.391905  0.38838
0.61039  0.39092  0.387404
0.611389  0.389934  0.386427
0.612388  0.388948  0.38545
0.613387  0.387962  0.384473
0.614386  0.386975  0.383496
0.615385  0.385989  0.382518
0.616384  0.385002  0.38154
0.617383  0.384015  0.380562
0.618382  0.383028  0.379584
0.619381  0.38204  0.378605
0.62038  0.381052  0.377627
0.621379  0.380065  0.376648
0.622378  0.379076  0.375669
0.623377  0.378088  0.37469
0.624376  0.3771  0.37371
0.625375  0.376111  0.372731
0.626374  0.375122  0.371751
0.627373  0.374133  0.370771
0.628372  0.373144  0.36979
0.629371  0.372155  0.36881
0.63037  0.371165  0.367829
0.631369  0.370175  0.366849
0.632368  0.369185  0.365868
0.633367  0.368195  0.364887
0.634366  0.367205  0.363905
0.635365  0.366214  0.362924
0.636364  0.365224  0.361942
0.637363  0.364233  0.36096
0.638362  0.363242  0.359978
0.639361  0.36225  0.358996
0.64036  0.361259  0.358014
0.641359  0.360268  0.357031
0.642358  0.359276  0.356049
0.643357  0.358284  0.355066
0.644356  0.357292  0.354083
0.645355  0.3563  0.3531
0.646354  0.355308  0.352116
0.647353  0.354315  0.351133
0.648352  0.353323  0.350149
0.649351  0.35233  0.349166
0.65035  0.351337  0.348182
0.651349  0.350344  0.347198
0.652348  0.349351  0.346213
0.653347  0.348357  0.345229
0.654346  0.347364  0.344245
0.655345  0.34637  0.34326
0.656344  0.345376  0.342275
0.657343  0.344382  0.34129
0.658342  0.343388  0.340305
0.659341  0.342394  0.33932
0.66034  0.3414  0.338335
0.661339  0.340405  0.337349
0.662338  0.33941  0.336363
0.663337  0.338416  0.335378
0.664336  0.337421  0.334392
0.665335  0.336426  0.333406
0.666334  0.335431  0.33242
0.667333  0.334435  0.331433
0.668332  0.33344  0.330447
0.669331  0.332444  0.329461
0.67033  0.331449  0.328474
0.671329  0.330453  0.327487
0.672328  0.329457  0.3265
0.673327  0.328461  0.325513
0.674326  0.327465  0.324526
0.675325  0.326469  0.323539
0.676324  0.325472  0.322552
0.677323  0.324476  0.321564
0.678322  0.323479  0.320576
0.679321  0.322483  0.319589
0.68032  0.321486  0.318601
0.681319  0.320489  0.317613
0.682318  0.319492  0.316625
0.683317  0.318495  0.315637
0.684316  0.317497  0.314649
0.685315  0.3165  0.31366
0.686314  0.315502  0.312672
0.687313  0.314505  0.311683
0.688312  0.313507  0.310695
0.689311  0.312509  0.309706
0.69031  0.311512  0.308717
0.691309  0.310514  0.307728
0.692308  0.309515  0.306739
0.693307  0.308517  0.30575
0.694306  0.307519  0.304761
0.695305  0.306521  0.303771
0.696304  0.305522  0.302782
0.697303  0.304524  0.301792
0.698302  0.303525  0.300803
0.699301  0.302526  0.299813
0.7003  0.301527  0.298823
0.701299  0.300528  0.297833
0.702298  0.299529  0.296843
0.703297  0.29853  0.295853
0.704296  0.297531  0.294863
0.705295  0.296532  0.293872
0.706294  0.295532  0.292882
0.707293  0.294533  0.291892
0.708292  0.293533  0.290901
0.709291  0.292534  0.289911
0.71029  0.291534  0.28892
0.711289  0.290534  0.287929
0.712288  0.289534  0.286938
0.713287  0.288534  0.285947
0.714286  0.287534  0.284956
0.715285  0.286534  0.283965
0.716284  0.285534  0.282974
0.717283  0.284534  0.281983
0.718282  0.283534  0.280991
0.719281  0.282533  0.28
0.72028  0.281533  0.279008
0.721279  0.280532  0.278017
0.722278  0.279531  0.277025
0.723277  0.278531  0.276034
0.724276  0.27753  0.275042
0.725275  0.276529  0.27405
0.726274  0.275528  0.273058
0.727273  0.274527  0.272066
0.728272  0.273526  0.271074
0.729271  0.272525  0.270082
0.73027  0.271524  0.26909
0.731269  0.270522  0.268097
0.732268  0.269521  0.267105
0.733267  0.26852  0.266113
0.734266  0.267518  0.26512
0.735265  0.266517  0.264128
0.736264  0.265515  0.263135
0.737263  0.264513  0.262143
0.738262  0.263512  0.26115
0.739261  0.26251  0.260157
0.74026  0.261508  0.259164
0.741259  0.260506  0.258171
0.742258  0.259504  0.257178
0.743257  0.258502  0.256185
0.744256  0.2575  0.255192
0.745255  0.256498  0.254199
0.746254  0.255496  0.253206
0.747253  0.254493  0.252213
0.748252  0.253491  0.251219
0.749251  0.252489  0.250226
0.75025  0.251486  0.249233
0.751249  0.250484  0.248239
0.752248  0.249481  0.247246
0.753247  0.248479  0.246252
0.754246  0.247476  0.245258
0.755245  0.246473  0.244265
0.756244  0.245471  0.243271
0.757243  0.244468  0.242277
0.758242  0.243465  0.241283
0.759241  0.242462  0.240289
0.76024  0.241459  0.239296
0.761239  0.240456  0.238302
0.762238  0.239453  0.237307
0.763237  0.23845  0.236313
0.764236  0.237447  0.235319
0.765235  0.236444  0.234325
0.766234  0.23544  0.233331
0.767233  0.234437  0.232337
0.768232  0.233434  0.231342
0.769231  0.23243  0.230348
0.77023  0.231427  0.229353
0.771229  0.230423  0.228359
0.772228  0.22942  0.227364
0.773227  0.228416  0.22637
0.774226  0.227413  0.225375
0.775225  0.226409  0.224381
0.776224  0.225405  0.223386
0.777223  0.224402  0.222391
0.778222  0.223398  0.221396
0.779221  0.222394  0.220402
0.78022  0.22139  0.219407
0.781219  0.220386  0.218412
0.782218  0.219382  0.217417
0.783217  0.218378  0.216422
0.784216  0.217374  0.215427
0.785215  0.21637  0.214432
0.786214  0.215366  0.213437
0.787213  0.214362  0.212442
0.788212  0.213358  0.211447
0.789211  0.212353  0.210451
0.79021  0.211349  0.209456
0.791209  0.210345  0.208461
0.792208  0.209341  0.207466
0.793207  0.208336  0.20647
0.794206  0.207332  0.205475
0.795205  0.206327  0.204479
0.796204  0.205323  0.203484
0.797203  0.204318  0.202488
0.798202  0.203314  0.201493
0.799201  0.202309  0.200497
0.8002  0.201305  0.199502
0.801199  0.2003  0.198506
0.802198  0.199295  0.19751
0.803197  0.198291  0.196515
0.804196  0.197286  0.195519
0.805195  0.196281  0.194523
0.806194  0.195276  0.193527
0.807193  0.194271  0.192532
0.808192  0.193267  0.191536
0.809191  0.192262  0.19054
0.81019  0.191257  0.189544
0.811189  0.190252  0.188548
0.812188  0.189247  0.187552
0.813187  0.188242  0.186556
0.814186  0.187237  0.18556
0.815185  0.186232  0.184564
0.816184  0.185227  0.183568
0.817183  0.184221  0.182572
0.818182  0.183216  0.181576
0.819181  0.182211  0.180579
0.82018  0.181206  0.179583
0.821179  0.180201  0.178587
0.822178  0.179195  0.177591
0.823177  0.17819  0.176594
0.824176  0.177185  0.175598
0.825175  0.176179  0.174602
0.826174  0.175174  0.173605
0.827173  0.174169  0.172609
0.828172  0.173163  0.171613
0.829171  0.172158  0.170616
0.83017  0.171152  0.16962
0.831169  0.170147  0.168623
0.832168  0.169141  0.167627
0.833167  0.168136  0.16663
0.834166  0.16713  0.165634
0.835165  0.166124  0.164637
0.836164  0.165119  0.16364
0.837163  0.164113  0.162644
0.838162  0.163108  0.161647
0.839161  0.162102  0.16065
0.84016  0.161096  0.159654
0.841159  0.16009  0.158657
0.842158  0.159085  0.15766
0.843157  0.158079  0.156664
0.844156  0.157073  0.155667
0.845155  0.156067  0.15467
0.846154  0.155061  0.153673
0.847153  0.154056  0.152676
0.848152  0.15305  0.151679
0.849151  0.152044  0.150682
0.85015  0.151038  0.149686
0.851149  0.150032  0.148689
0.852148  0.149026  0.147692
0.853147  0.14802  0.146695
0.854146  0.147014  0.145698
0.855145  0.146008  0.144701
0.856144  0.145002  0.143704
0.857143  0.143996  0.142707
0.858142  0.14299  0.14171
0.859141  0.141984  0.140712
0.86014  0.140977  0.139715
0.861139  0.139971  0.138718
0.862138  0.138965  0.137721
0.863137  0.137959  0.136724
0.864136  0.136953  0.135727
0.865135  0.135947  0.13473
0.866134  0.13494  0.133732
0.867133  0.133934  0.132735
0.868132  0.132928  0.131738
0.869131  0.131921  0.130741
0.87013  0.130915  0.129743
0.871129  0.129909  0.128746
0.872128  0.128903  0.127749
0.873127  0.127896  0.126751
0.874126  0.12689  0.125754
0.875125  0.125883  0.124757
0.876124  0.124877  0.123759
0.877123  0.123871  0.122762
0.878122  0.122864  0.121764
0.879121  0.121858  0.120767
0.88012  0.120851  0.11977
0.881119  0.119845  0.118772
0.882118  0.118838  0.117775
0.883117  0.117832  0.116777
0.884116  0.116825  0.11578
0.885115  0.115819  0.114782
0.886114  0.114812  0.113785
0.887113  0.113806  0.112787
0.888112  0.112799  0.111789
0.889111  0.111793  0.110792
0.89011  0.110786  0.109794
0.891109  0.109779  0.108797
0.892108  0.108773  0.107799
0.893107  0.107766  0.106801
0.894106  0.106759  0.105804
0.895105  0.105753  0.104806
0.896104  0.104746  0.103808
0.897103  0.103739  0.102811
0.898102  0.102733  0.101813
0.899101  0.101726  0.100815
0.9001  0.100719  0.0998177
0.901099  0.0997124  0.0988199
0.902098  0.0987056  0.0978222
0.903097  0.0976989  0.0968245
0.904096  0.0966921  0.0958267
0.905095  0.0956853  0.0948289
0.906094  0.0946785  0.0938311
0.907093  0.0936717  0.0928333
0.908092  0.0926649  0.0918355
0.909091  0.091658  0.0908377
0.91009  0.0906512  0.0898398
0.911089  0.0896443  0.088842
0.912088  0.0886374  0.0878441
0.913087  0.0876305  0.0868463
0.914086  0.0866237  0.0858484
0.915085  0.0856167  0.0848505
0.916084  0.0846098  0.0838526
0.917083  0.0836029  0.0828547
0.918082  0.082596  0.0818568
0.919081  0.081589  0.0808588
0.92008  0.0805821  0.0798609
0.921079  0.0795751  0.0788629
0.922078  0.0785681  0.077865
0.923077  0.0775611  0.076867
0.924076  0.0765541  0.075869
0.925075  0.0755471  0.074871
0.926074  0.0745401  0.073873
0.927073  0.0735331  0.072875
0.928072  0.0725261  0.071877
0.929071  0.071519  0.070879
0.93007  0.070512  0.0698809
0.931069  0.0695049  0.0688829
0.932068  0.0684978  0.0678848
0.933067  0.0674907  0.0668868
0.934066  0.0664837  0.0658887
0.935065  0.0654766  0.0648906
0.936064  0.0644695  0.0638925
0.937063  0.0634623  0.0628944
0.938062  0.0624552  0.0618963
0.939061  0.0614481  0.0608982
0.94006  0.0604409  0.0599001
0.941059  0.0594338  0.0589019
0.942058  0.0584266  0.0579038
0.943057  0.0574195  0.0569056
0.944056  0.0564123  0.0559075
0.945055  0.0554051  0.0549093
0.946054  0.0543979  0.0539111
0.947053  0.0533907  0.052913
0.948052  0.0523835  0.0519148
0.949051  0.0513763  0.0509166
0.95005  0.0503691  0.0499184
0.951049  0.0493619  0.0489202
0.952048  0.0483546  0.0479219
0.953047  0.0473474  0.0469237
0.954046  0.0463402  0.0459255
0.955045  0.0453329  0.0449272
0.956044  0.0443256  0.043929
0.957043  0.0433184  0.0429307
0.958042  0.0423111  0.0419325
0.959041  0.0413038  0.0409342
0.96004  0.0402965  0.0399359
0.961039  0.0392892  0.0389376
0.962038  0.0382819  0.0379394
0.963037  0.0372746  0.0369411
0.964036  0.0362673  0.0359428
0.965035  0.03526  0.0349444
0.966034  0.0342526  0.0339461
0.967033  0.0332453  0.0329478
0.968032  0.0322379  0.0319495
0.969031  0.0312306  0.0309511
0.97003  0.0302232  0.0299528
0.971029  0.0292159  0.0289545
0.972028  0.0282085  0.0279561
0.973027  0.0272011  0.0269577
0.974026  0.0261938  0.0259594
0.975025  0.0251864  0.024961
0.976024  0.024179  0.0239626
0.977023  0.0231716  0.0229643
0.978022  0.0221642  0.0219659
0.979021  0.0211568  0.0209675
0.98002  0.0201494  0.0199691
0.981019  0.0191419  0.0189707
0.982018  0.0181345  0.0179723
0.983017  0.0171271  0.0169738
0.984016  0.0161197  0.0159754
0.985015  0.0151122  0.014977
0.986014  0.0141048  0.0139786
0.987013  0.0130973  0.0129801
0.988012  0.0120899  0.0119817
0.989011  0.0110824  0.0109832
0.99001  0.0100749  0.00998479
0.991009  0.00906746  0.00898633
0.992008  0.00805999  0.00798787
0.993007  0.0070525  0.0069894
0.994006  0.00604502  0.00599093
0.995005  0.00503753  0.00499245
0.996004  0.00403003  0.00399397
0.997003  0.00302253  0.00299549
0.998002  0.00201502  0.001997
