0.00990099  0.176552  0.0843657
0.019802  0.251047  0.159845
0.029703  0.3175  0.227276
0.039604  0.37667  0.287418
0.049505  0.429243  0.340957
0.0594059  0.47584  0.388515
0.0693069  0.517025  0.430657
0.0792079  0.553308  0.467894
0.0891089  0.585152  0.500686
0.0990099  0.612974  0.529455
0.108911  0.637154  0.554578
0.118812  0.658035  0.576399
0.128713  0.675929  0.595231
0.138614  0.691116  0.611353
0.148515  0.703852  0.625023
0.158416  0.714368  0.636471
0.168317  0.722873  0.645906
0.178218  0.729557  0.653519
0.188119  0.734591  0.659481
0.19802  0.738131  0.663947
0.207921  0.740319  0.667059
0.217822  0.74128  0.668945
0.227723  0.741131  0.669719
0.237624  0.739977  0.669488
0.247525  0.737912  0.668344
0.257426  0.735022  0.666376
0.267327  0.731386  0.663659
0.277228  0.727072  0.660265
0.287129  0.722146  0.656258
0.29703  0.716664  0.651696
0.306931  0.71068  0.64663
0.316832  0.704241  0.641108
0.326733  0.697389  0.635174
0.336634  0.690163  0.628866
0.346535  0.682599  0.622219
0.356436  0.674729  0.615265
0.366337  0.666581  0.608034
0.376238  0.658181  0.600551
0.386139  0.649554  0.59284
0.39604  0.640721  0.584923
0.405941  0.6317  0.576819
0.415842  0.622511  0.568545
0.425743  0.613168  0.560118
0.435644  0.603687  0.551552
0.445545  0.59408  0.542861
0.455446  0.584359  0.534055
0.465347  0.574535  0.525146
0.475248  0.564617  0.516144
0.485149  0.554615  0.507057
0.49505  0.544536  0.497893
0.50495  0.534388  0.48866
0.514851  0.524177  0.479364
0.524752  0.513909  0.470011
0.534653  0.50359  0.460606
0.544554  0.493224  0.451155
0.554455  0.482815  0.441661
0.564356  0.472368  0.432129
0.574257  0.461887  0.422562
0.584158  0.451374  0.412964
0.594059  0.440832  0.403337
0.60396  0.430265  0.393685
0.613861  0.419674  0.384009
0.623762  0.409063  0.374311
0.633663  0.398432  0.364595
0.643564  0.387783  0.354861
0.653465  0.377119  0.345112
0.663366  0.366441  0.335348
0.673267  0.35575  0.325572
0.683168  0.345047  0.315784
0.693069  0.334334  0.305985
0.70297  0.323611  0.296176
0.712871  0.312879  0.286359
0.722772  0.30214  0.276534
0.732673  0.291393  0.266702
0.742574  0.28064  0.256864
0.752475  0.269881  0.247019
0.762376  0.259117  0.23717
0.772277  0.248348  0.227315
0.782178  0.237575  0.217456
0.792079  0.226798  0.207594
0.80198  0.216017  0.197727
0.811881  0.205233  0.187858
0.821782  0.194446  0.177985
0.831683  0.183656  0.16811
0.841584  0.172864  0.158233
0.851485  0.16207  0.148353
0.861386  0.151274  0.138471
0.871287  0.140476  0.128588
0.881188  0.129677  0.118703
0.891089  0.118876  0.108816
0.90099  0.108073  0.0989286
0.910891  0.0972698  0.0890396
0.920792  0.0864652  0.0791495
0.930693  0.0756597  0.0692584
0.940594  0.0648532  0.0593664
0.950495  0.054046  0.0494736
0.960396  0.043238  0.0395801
0.970297  0.0324293  0.0296859
0.980198  0.0216201  0.0197911
