log(h) log(epsilon)
2  2.13341
4  1.43954
8  0.871427
16  0.490075
32  0.262619
64  0.136483
128  0.069661
256  0.0352036
512  0.0176976
1024  0.00887304
2048  0.00444263
4096  0.00222284
8192  0.00111181
16384  0.000555999
32768  0.000278023
65536  0.000139018
131072  6.95099e-005
262144  3.47529e-005
-1.09861  0.757723
-1.60944  0.364325
-2.19722  -0.137623
-2.83321  -0.713197
-3.49651  -1.33705
-4.17439  -1.99156
-4.85981  -2.66411
-5.54908  -3.34661
-6.24028  -4.03433
-6.93245  -4.72474
-7.62511  -5.41651
-8.31801  -6.10897
-9.01104  -6.80177
-9.70412  -7.49474
-10.3972  -8.18781
-11.0904  -8.88091
-11.7835  -9.57404
-12.4767  -10.2672
-13.1698  -10.957
-13.8629  -11.6117
-14.5561  -12.1407
-15.2492  -12.4453
-15.9424  -12.604