
-6.90875  -4.70109
-9.21044  -inf
-6.90875  -4.70109
-4.61512  -2.42311
-6.90875  -4.70109
-4.61512  -2.42311
-6.90875  -4.70109
-4.61512  -2.42311
-4.61512  -2.42311
-4.61512  -inf
-4.61512  -2.42311
-4.61512  -2.42311
-4.61512  -2.42311
-4.61512  -inf
-6.90875  -inf
-4.61512  -inf
-4.61512  -inf
-9.21044  -inf
-6.90875  -4.70109
-4.61512  -2.42311
-4.61512  -2.42311
-4.61512  -inf
-4.61512  -2.42311
-6.90875  -inf
-4.61512  -2.42311
-4.61512  -0.451885
-6.90875  -0.397922
-6.90875  -4.40811
-6.90875  -0.397922
-6.90875  -0.397922
-6.90875  -inf
-6.90875  -0.397922
-6.90875  -0.397922
-6.90875  -0.397922
-4.61512  -0.451885
-6.90875  -inf
-4.61512  -inf
-4.61512  -inf
-9.21044  -inf
-6.90875  -0.397922
-4.61512  -0.451885
-4.61512  -0.451885
-9.21044  -0.372264
-6.90875  -0.397922
-6.90875  -0.397922
-6.90875  -0.397922
-4.61512  -0.451885
-6.90875  -0.397922
-6.90875  inf
-4.61512  inf
-4.61512  -0.451885
-4.61512  -inf
-4.61512  -0.451885
-4.61512  -0.451885
-4.61512  1.5392
-6.90875  -0.397922
-2.3979  0.020806